[
                    106.705079,
                    10.787334
                ],
                [
                    106.705004,
                    10.787254
                ],
                [
                    106.705035,
                    10.787225
                ],
                [
                    106.705544,
                    10.786754
                ],
                [
                    106.705968,
                    10.786362
                ],
                [
                    106.707785,
                    10.784679
                ],
                [
                    106.707943,
                    10.784533
                ],
                [
                    106.707421,
                    10.783933
                ],
                [
                    106.707276,
                    10.783875
                ],
                [
                    106.707217,
                    10.783835
                ],
                [
                    106.706704,
                    10.783247
                ],
                [
                    106.706656,
                    10.78316
                ],
                [
                    106.706238,
                    10.782679
                ],
                [
                    106.70615,
                    10.782625
                ],
                [
                    106.706057,
                    10.78264
                ],
                [
                    106.705125,
                    10.783503
                ],
                [
                    106.704758,
                    10.783742
                ],
                [
                    106.703933,
                    10.784503
                ],
                [
                    106.703688,
                    10.78473
                ],
                [
                    106.703597,
                    10.784636
                ],
                [
                    106.703288,
                    10.784306
                ],
                [
                    106.7031,
                    10.784108
                ],
                [
                    106.702627,
                    10.783611
                ],
                [
                    106.702256,
                    10.783208
                ],
                [
                    106.701747,
                    10.782661
                ],
                [
                    106.701648,
                    10.78228
                ],
                [
                    106.701433,
                    10.781477
                ],
                [
                    106.701388,
                    10.781319
                ],
                [
                    106.701315,
                    10.781068
                ],
                [
                    106.70106,
                    10.780187
                ],
                [
                    106.700238,
                    10.779281
                ],
                [
                    106.700153,
                    10.779189
                ],
                [
                    106.699946,
                    10.778959
                ],
                [
                    106.699774,
                    10.778767
                ],
                [
                    106.699326,
                    10.778276
                ],
                [
                    106.698872,
                    10.777776
                ],
                [
                    106.698604,
                    10.777482
                ],
                [
                    106.698465,
                    10.777331
                ],
                [
                    106.697983,
                    10.776799
                ],
                [
                    106.697553,
                    10.776337
                ],
                [
                    106.697075,
                    10.775818
                ],
                [
                    106.696992,
                    10.775729
                ],
                [
                    106.696408,
                    10.775099
                ],
                [
                    106.696151,
                    10.774818
                ],
                [
                    106.696076,
                    10.774739
                ],
                [
                    106.694479,
                    10.773619
                ],
                [
                    106.694252,
                    10.773814
                ],
                [
                    106.693828,
                    10.774178
                ],
                [
                    106.693455,
                    10.774497
                ],
                [
                    106.693233,
                    10.774688
                ],
                [
                    106.693001,
                    10.774879
                ],
                [
                    106.692495,
                    10.775298
                ],
                [
                    106.692239,
                    10.775509
                ],
                [
                    106.691961,
                    10.775739
                ],
                [
                    106.691659,
                    10.775983
                ],
                [
                    106.692071,
                    10.776432
                ],
                [
                    106.692342,
                    10.776721
                ],
                [
                    106.693042,
                    10.777484
                ],
                [
                    106.693946,
                    10.776647
                ],
                [
                    106.694125,
                    10.776485
                ],
                [
                    106.694538,
                    10.776111
                ],
                [
                    106.694586,
                    10.776163
                ],
                [
                    106.694538,
                    10.776111
                ],
                [
                    106.695972,
                    10.774812
                ],
                [
                    106.696151,
                    10.774818
                ],
                [
                    106.696076,
                    10.774739
                ],
                [
                    106.694479,
                    10.773619
                ],
                [
                    106.694222,
                    10.773435
                ],
                [
                    106.693552,
                    10.772959
                ],
                [
                    106.693467,
                    10.772896
                ],
                [
                    106.693009,
                    10.772569
                ],
                [
                    106.692327,
                    10.772082
                ],
                [
                    106.691155,
                    10.772724
                ],
                [
                    106.689848,
                    10.773439
                ],
                [
                    106.689521,
                    10.77362
                ],
                [
                    106.689399,
                    10.773696
                ],
                [
                    106.689326,
                    10.77361
                ],
                [
                    106.689284,
                    10.773546
                ],
                [
                    106.688541,
                    10.772767
                ],
                [
                    106.688105,
                    10.772297
                ],
                [
                    106.687802,
                    10.771971
                ],
                [
                    106.687307,
                    10.771434
                ],
                [
                    106.687175,
                    10.771287
                ],
                [
                    106.68678,
                    10.77087
                ],
                [
                    106.686389,
                    10.770451
                ],
                [
                    106.68605,
                    10.770099
                ],
                [
                    106.685647,
                    10.769678
                ],
                [
                    106.685324,
                    10.769339
                ],
                [
                    106.68449,
                    10.768473
                ],
                [
                    106.684391,
                    10.768377
                ],
                [
                    106.684265,
                    10.768253
                ],
                [
                    106.684187,
                    10.768177
                ],
                [
                    106.682561,
                    10.766408
                ],
                [
                    106.682257,
                    10.766103
                ],
                [
                    106.681792,
                    10.765656
                ],
                [
                    106.681684,
                    10.765683
                ],
                [
                    106.681628,
                    10.765679
                ],
                [
                    106.681525,
                    10.765639
                ],
                [
                    106.681447,
                    10.76556
                ],
                [
                    106.681415,
                    10.765487
                ],
                [
                    106.681402,
                    10.76542
                ],
                [
                    106.681433,
                    10.765307
                ],
                [
                    106.68146,
                    10.765264
                ],
                [
                    106.681535,
                    10.765197
                ],
                [
                    106.681652,
                    10.76516
                ],
                [
                    106.681694,
                    10.76516
                ],
                [
                    106.681759,
                    10.765029
                ],
                [
                    106.682066,
                    10.764188
                ],
                [
                    106.682127,
                    10.764027
                ],
                [
                    106.682344,
                    10.763475
                ],
                [
                    106.68259,
                    10.762863
                ],
                [
                    106.682523,
                    10.762839
                ],
                [
                    106.682303,
                    10.762763
                ],
                [
                    106.682523,
                    10.762839
                ],
                [
                    106.68259,
                    10.762863
                ],
                [
                    106.682862,
                    10.762188
                ],
                [
                    106.682977,
                    10.761901
                ],
                [
                    106.683235,
                    10.761259
                ],
                [
                    106.683203,
                    10.761207
                ],
                [
                    106.683096,
                    10.76111
                ],
                [
                    106.682327,
                    10.760801
                ],
                [
                    106.681916,
                    10.760636
                ],
                [
                    106.681938,
                    10.760581
                ],
                [
                    106.681979,
                    10.760477
                ]